Shifted by (n - 85), indexing starting at 0. Solution found with (1000000000 - 85) mod 93,
where 85 is the starting index and 93 is the "metacycle" length.
95898
95921
95973
95997
96015
96052
96058
96062
96069
96064
96060
96066
96026
95989
95977
95933
95892
95864
95819
95786
95778
95750
95741
95744
95736
95748
95769
95783
95821
95868
95879
95899
95930
95963
95998
96024
96042
96059
96071
96059
96065
96069
96056
96027
95998
95967
95934
95901
95854
95820
95795
95768
95751
95750
95734
95737
95757
95759
95784
95830
95858
95880
95908
95920
95964
96007
96014
96043
96068
96061
96060
96074
96059
96057
96036
95988
95968
95943
95891
95855
95829
95785
95769
95760
95740
95735
95746
95747
95760
95793
95820
95859
95889