952408144115
952406394493

139089156 0      
142683287 0      
12169555 1899928 
18016982 1899928 
151634219 2578112
152761150 2578112
146277416 2914848
151634219 2914848
134206049 3014448
139089156 3014448
142683287 4088880
146277416 4088880
18016982 6094712 
22699079 6094712 
117840052 6528162
121153735 6528162
8176530 7715112
12169555 7715112
22699079 8073194
30872616 8073194
130302683 8979792
130559950 8979792
30872616 10051674
31806473 10051674
130559950 10829168
134206049 10829168
121153735 12406532
128453018 12406532
125149064 13775568
130302683 13775568
1331249 14552936
8176530 14552936
31806473 16222858
37851676 16222858
37851676 18277196
40029647 18277196
99590855 18616704
106948634 18616704
122924343 18927174
128453018 18927174
52821882 19603884
57203469 19603884
58881648 19603886
61726403 19603886
40029647 20331532
45595970 20331532
124098501 20435504
125149064 20435504
122857122 20492816
124098501 20492816
122924343 20627720
128950922 20627720
61726403 21374590
65360596 21374590
0 21390762
1331249 21390762
0 21454522
6692097 21454522
57203469 21527678
58881648 21527678
65360596 21884110
66534837 21884110
122110369 22445904
122857122 22445904
6692097 22514140
13545698 22514140
96379316 22670480
99590855 22670480
106948634 22980288
109025565 22980288
47479127 23182524
52821882 23182524
114902880 23299408
122110369 23299408
66534837 23515054
70898694 23515054
128950922 24311928
135245213 24311928
8177151 24751102
13545698 24751102
45595970 25068012
48500069 25068012
109025565 26303024
114902880 26303024
134855306 27996138
135245213 27996138
47479127 28251980
52961114 28251980
91893473 28320592
96379316 28320592
67684053 28360126
70898694 28360126
52961114 28560412
60850525 28560412
2167084 28893584
8177151 28893584
89069870 29717200
91893473 29717200
55331004 31031452
60850525 31031452
53365625 32751948
55331004 32751948
2167084 32887010
6162527 32887010
82086635 33033376
89069870 33033376
48500069 33122924
51918104 33122924
64509716 33867694
67684053 33867694
133775417 34998268
134855306 34998268
128061510 35716238
133775417 35716238
51918104 36195932
53365625 36195932
64509716 37620558
65574949 37620558
6162527 38463940
7423536 38463940
76567112 39801936
82086635 39801936
128061510 40449344
132363049 40449344
2696175 42084070
7423536 42084070
65574949 42818848
70987494 42818848
132363049 44537698
138419098 44537698
73471175 44836032
76567112 44836032
138419098 45439972
142378491 45439972
1688014 47192550
2696175 47192550
70987494 48017136
73471175 48017136
142378491 48165894
145420076 48165894
145420076 49811254
147258447 49811254
1688014 54587462
5412911 54587462
147258447 56376278
149096816 56376278
154025506 57968020
158363605 57968020
149096816 59358950
151669073 59358950
151669073 59791510
154025506 59791510
10065537 61370360
12708194 61370360
5412911 61982376
9512528 61982376
158363605 63002886
162701702 63002886
9512528 67090858
10065537 67090858
12708194 67129642
13532099 67129642
162701702 67770152
165645431 67770152
28313304 69130238
29264697 69130238
13532099 69295164
14524724 69295164
14524724 71542878
21389589 71542878
27354199 71583150
28313304 71583150
21389589 73790590
22888918 73790590
165645431 75359224
170631368 75359224
65532012 75489836
67312573 75489836
22888918 75956110
27354199 75956110
29264697 76351118
33877242 76351118
61374059 77916988
65532012 77916988
67312573 77916990
69718270 77916990
77594403 78377614
83438900 78377614
69718270 79082816
74315023 79082816
83438900 79530030
84292981 79530030
75453282 79530032
77594403 79530032
60201192 79556398
61374059 79556398
84292981 80889504
85367192 80889504
170631368 80937768
171122105 80937768
85367192 81085714
86993019 81085714
28908201 82508592
33877242 82508592
171122105 82725242
174136954 82725242
75405905 83077122
75453282 83077122
58183621 83360848
60201192 83360848
86993019 83682500
93479102 83682500
74315023 84283138
74570016 84283138
50914100 84354194
58183621 84354194
28908201 84553346
32547690 84553346
74570016 85450436
75405905 85450436
174136954 86015788
177611963 86015788
19012293 86202258
21141958 86202258
93479102 86279284
94015953 86279284
195834354 87089178
202426741 87089178
26844823 88002898
32547690 88002898
189521519 88107402
195834354 88107402
202426741 88107404
204665560 88107404
43644577 88268772
50914100 88268772
21141958 89478914
26844823 89478914
14634692 89988370
19012293 89988370
14634692 90528210
17887765 90528210
94015953 91683830
99102978 91683830
39620062 92269942
43644577 92269942
177611963 92344078
178752796 92344078
189521519 93382156
189728160 93382156
178752796 93382160
178776845 93382160
204665560 94038222
211602619 94038222
45494484 95888628
50583109 95888628
17887765 96360450
22584486 96360450
92411230 97474166
93864913 97474166
93864913 97478648
99102978 97478648
185776479 98754798
189728160 98754798
178776845 98754800
179523678 98754800
179523678 99194224
185776479 99194224
203983816 99609376
211602619 99609376
39620062 99917110
42424529 99917110
50583109 100029574
58583846 100029574
22584486 100037218
26884231 100037218
42424529 101179030
45494484 101179030
52926916 101242134
53556469 101242134
89002475 102209960
92411230 102209960
48474445 102322006
49362014 102322006
89002475 103218538
94108846 103218538
26884231 104174770
31078872 104174770
94108846 104489228
96446975 104489228
203383653 105532562
203983816 105532562
48686205 105537286
49362014 105537286
53556469 105703720
58583846 105703720
52532851 106222344
52926916 106222344
203383653 108000228
206549400 108000228
52532851 108197130
59456548 108197130
31078872 108579460
33708425 108579460
44535436 108579464
48474445 108579464
59456548 109221660
66357733 109221660
66357733 110434830
73868902 110434830
67290979 110718256
73868902 110718256
96446975 111684862
99291312 111684862
39554475 112391256
44535436 112391256
48686205 112595558
49362016 112595558
47942031 112984150
49362016 112984150
33708425 113385366
37453562 113385366
206549400 115756422
209366859 115756422
157411580 116346640
161745407 116346640
65612962 117098258
67290979 117098258
161745407 118157232
164280274 118157232
209366859 118379080
213050334 118379080
208530571 118860106
213050334 118860106
99291312 118880494
104077649 118880494
47942031 119501606
53140848 119501606
60713057 119655860
65612962 119655860
37453562 120395144
39554475 120395144
203689720 122520858
208530571 122520858
153114649 122767104
157411580 122767104
104077649 124400848
107907922 124400848
53140848 125099638
60713057 125099638
164280274 125723968
168979573 125723968
203533381 126181612
203689720 126181612
107907922 126610800
110832563 126610800
175786552 127144750
179930089 127144750
202456868 127875134
203533381 127875134
149978744 128783730
153114649 128783730
168979573 128874400
175786552 128874400
194493667 129893360
202456868 129893360
109872642 130669602
110897331 130669602
110832563 130966370
114312564 130966370
179930089 131288960
185025836 131288960
106278241 132272834
109872642 132272834
194016434 133451730
194493667 133451730
149978744 134872100
153114651 134872100
110897331 135321938
114312564 135321938
153114651 135715830
159817438 135715830
106278241 135848610
110816820 135848610
179930091 136354946
185025836 136354946
159817438 136958742
162917153 136958742
188792095 138697972
194016434 138697972
179930091 139363028
182289324 139363028
182289324 139600342
188792095 139600342
110816820 140156418
110826183 140156418
159817440 144666102
162917153 144666102
110826183 144771394
110835544 144771394
122211575 146834824
126148168 146834824
128450683 147069944
129361916 147069944
110835544 148054370
113667515 148054370
156672525 148664550
159817440 148664550
128450679 149017096
134755146 149017096
126148168 150871256
128450683 150871256
123686149 151672264
126148166 151672264
118994070 152010584
122211575 152010584
134755146 152615544
136717501 152615544
113667515 152935092
115142622 152935092
115682997 153133656
118994070 153133656
160398608 153347912
161886705 153347912
129361916 153512856
136717501 153512856
156672525 155085016
160398608 155085016
126148166 155359768
128450679 155359768
115142622 155728886
116617727 155728886
121834770 155775432
123686149 155775432
113143396 155791768
115682997 155791768
161886705 159603064
163374804 159603064
116617727 160260136
121834770 160260136
157654403 161472968
163374804 161472968
109445971 162646072
113143396 162646072
132192869 166087978
138318056 166087978
130915938 166466410
132192869 166466410
125370929 167746252
130915938 167746252
154655825 168449254
155814322 168449254
152221616 168611510
154655825 168611510
109445971 169138280
114136596 169138280
155814322 169434760
157654403 169434760
144872031 170734390
152221616 170734390
114136596 171360904
117640167 171360904
144439662 172857272
144872031 172857272
143274829 173019530
144439662 173019530
138318056 173845818
141170267 173845818
142248588 174005034
143274829 174005034
125370929 174179518
130915940 174179518
117640167 175353304
121143736 175353304
115744023 178804648
121143736 178804648
141170267 179224298
142248588 179224298
113386886 180285000
115744023 180285000
130915940 181646240
134689111 181646240
113117733 185016248
113386886 185016248
113117733 187289706
115875062 187289706
134689111 188553568
137488106 188553568
137488106 190109536
142529869 190109536
118721799 191046282
120956248 191046282
115875062 193565164
118721799 193565164
145034668 196572144
145911823 196572144
142529869 196826064
144974464 196826064
120956248 198632284
125052649 198632284
144974464 199497952
145144355 199497952
126597449 200401550
133247500 200401550
145034668 201296336
151658207 201296336
145911823 201296338
152879490 201296338
163067870 201449794
168146081 201449794
121697160 202603502
126597449 202603502
125052649 202754782
132721916 202754782
152879490 202843108
155410229 202843108
162457723 203119346
163067870 203119346
168146081 203119348
171690932 203119348
132721916 203824064
134218991 203824064
116323492 203963410
116589143 203963410
145144355 204601328
146317894 204601328
171620145 205025414
171690932 205025414
167957614 205321000
171620145 205321000
117187095 206085918
121697160 206085918
151658207 206155170
157350674 206155170
108140145 206835796
116323492 206835796
163858171 206843402
167957614 206843402
133247500 207105422
139159327 207105422
161900520 207240100
162457723 207240100
116589143 207688740
120849912 207688740
150024290 208618726
155410229 208618726
115672244 208868302
117187095 208868302
126029996 208872498
134218991 208872498
146317894 211012416
152639097 211012416
125038137 211688420
126029996 211688420
155194757 211832038
161900520 211832038
108140145 212168566
112641700 212168566
146582418 212277468
151676933 212277468
139159327 212438526
146582418 212438526
156220303 212964066
157350674 212964066
114262102 212967094
117425719 212967094
161683928 213679756
163858171 213679756
150024290 214083640
155194757 214083640
115672244 214554750
119198135 214554750
151676933 214594142
152387222 214594142
120849912 215204662
125038137 215204662
117425719 215631318
119420680 215631318
112641700 215836920
116980999 215836920
152639097 217423506
153961004 217423506
119420680 217623510
124110201 217623510
153961004 218145090
156220303 218145090
114262102 218512406
117425721 218512406
117425721 219089222
122079914 219089222
154265207 219596654
161683928 219596654
119198135 220241200
123567754 220241200
112641702 220392986
116980999 220392986
152387222 220421552
154265207 220421552
112641702 223295756
113582199 223295756
124110201 224195528
125086618 224195528
131568877 224268078
133374736 224268078
117198889 225009416
122079914 225009416
123567754 225344800
131568877 225344800
118493865 227845850
125086618 227845850
131824207 228924656
133374736 228924656
116604056 229783802
117198889 229783802
113582199 229867772
116604056 229867772
123588109 230451936
126351950 230451936
118493865 231781724
118960506 231781724
115750297 233814334
118960506 233814334
126351950 234339618
131824207 234339618
115750297 234681888
120824266 234681888
120824266 234723218
123588109 234723218